0       
-0.35651353   0.050890762   0.3018857   -0.2157653   0.623056   0.27154496   0.016649583   -0.018147253   -0.123217754   0.09251688   -0.47776365   -0.06698509   0.3492108   -0.07710368   -0.06069113   -0.24303599   0.7881534   0.2379078   -0.23610611   -0.22068162   0.022127492   0.5715298   0.14658475   0.6077049   -0.515682   -0.6735294   0.4853132   -0.06302283   -0.52421093   0.849519   0.022112457   -0.09678024   0.77661324   1.3410434   -0.4356201   0.89744776   -0.9311535   0.32755774   0.027206022   0.05718918   -1.6632143   -0.47447234   1.217357   0.33134046   -0.0636058   -0.6884566   0.26706162   -0.0752459   1.151248   -0.42476705   0.0035618658   -0.14489107   0.07602806   -0.4526665   0.4103035   0.82439256   -2.4215095   -0.7346192   -0.7171349   -1.4802718   -0.07208996   -0.101919636   -0.45432243   0.07661184   0.45500812   0.24093212   -0.61511743   0.11570563   -1.5608912   0.781975   -0.8857032   0.21355109   -0.47454783   -0.10034349   -0.38089633   -0.09782446   0.060901415   0.19848587   0.4383203   0.20405939   -0.20770939   -0.22596584   0.40772706   0.20065673   -0.95367557   0.08655556   0.020512609   -0.19137722   -0.8070476   -0.60256594   -0.18787296   0.3397522   0.8917289   -0.20156005   0.8443962   0.029757446   -0.18374395   0.24181655   0.02253792   0.11898306   0.15526946   0.36146975   0.03943786   -0.24980152   -0.5537773   0.5661895   0.6948762   -0.32933056   0.15226628   -0.18856409   -0.30484748   0.25244832   0.42429915   0.43344614   0.27348524   -0.26875883   0.54683167   0.9279042   0.30730227   -1.0831807   0.24879232   -0.20943716   -0.41715726   


1       
-0.36252865   0.050951183   0.25262073   -0.03486557   0.588631   0.2727659   0.017823847   0.0071365433   0.018979806   0.09824946   -0.42188063   -0.063081466   0.35222465   -0.087764345   -0.055630896   -0.24425237   0.8071463   0.23913437   -0.45243827   -0.25890708   0.008991948   0.5713192   0.15256983   0.55124027   -0.47572383   -0.68158805   0.4539651   -0.05870851   -0.5527553   0.90873504   0.019058634   -0.09278946   0.77660125   1.3625596   -0.43638074   0.89887905   -0.93115586   0.3262451   -0.050383884   0.08767145   -1.6309254   -0.75661826   1.2203593   0.4296861   -0.059462685   -0.66219354   0.28197253   -0.0035390165   1.1649089   -0.45231262   -0.0010340489   -0.19307892   0.078882314   -0.45740384   0.4519742   1.0980896   -2.455738   -0.7309242   -1.0574805   -0.1834593   -0.0027745406   0.056605473   -0.9330204   0.21309495   0.4074214   -0.15977092   -0.31299067   0.20304188   0.5061524   0.20641297   0.20384057   -0.20011626   -0.3901866   -0.10054763   -0.43434498   0.26397595   -0.5358193   0.7971452   -0.49686843   0.13440387   -0.6466485   0.5787746   0.5031265   0.1279118   -0.5052572   -0.23552136   -0.19786008   -1.1863277   -0.69337326   -0.7002904   -0.1878708   0.33980438   0.8898757   -0.20561941   0.84439325   0.02990622   -0.18472944   0.24189785   0.022512458   0.10945538   0.16356756   0.36096916   0.039218288   -0.25142527   -0.5585101   0.56455094   0.6948762   -0.3274657   0.15185963   -0.18856043   -0.3048483   0.24575214   0.4290611   0.43344617   0.29619434   -0.2687588   0.54683053   0.9279053   0.3073324   -1.0831804   0.24879237   -0.20943722   -0.41715756   


2       
-0.3565131   0.036592025   0.3027105   -0.21576737   0.62409556   0.26916257   0.013921693   -0.014884616   -0.11537566   0.14754054   -0.52593184   -0.070296116   0.93258464   -0.2966588   -0.113707036   -0.05690025   0.50536215   -0.022563318   -0.2319747   -0.23565759   0.025467966   0.5841114   0.14919898   0.5987794   -0.5268819   -0.675306   0.48772755   0.33984464   -0.5239121   0.26607993   0.023569027   -0.6207621   0.7762664   1.2799617   -0.43136287   0.8744072   -0.9309356   0.40460783   0.008369293   0.1187473   -1.7246425   -0.511058   0.90378577   0.37004104   -0.07470337   -0.18290778   0.29943657   -0.09883814   1.4782405   -0.29432786   0.015477747   -0.1522774   0.0774021   -0.29983914   -0.068698585   0.44625923   0.3137006   -0.9163733   0.16049066   -0.11188336   -0.20570832   -0.8003544   -1.1023883   -2.0748644   0.78269386   0.39277962   -0.46893108   0.22075455   0.48367178   0.21086863   1.0348761   0.3889579   -0.39378893   -0.13712074   -0.43668687   0.30527428   -0.478645   0.7181491   -0.37741977   0.027486788   -0.6475699   0.3543953   0.46344802   0.05687019   -0.51039064   -0.070186906   -0.08007024   -1.1791784   -0.7378153   -0.69117767   -0.19726205   0.34794644   0.83876634   -0.25217775   0.8458794   0.035904445   0.025889445   0.23248883   0.06762215   0.047514647   -0.17002635   0.2515249   -0.018913234   -0.47994515   0.33265576   0.6811434   0.6948754   -0.3873651   -0.076979704   -0.18881924   -0.30454725   0.42430237   0.25243077   0.43347803   0.30239597   -0.26876044   0.54702276   0.9280552   0.30806595   -1.0832751   0.24879096   -0.20944081   -0.41700992   


3       
-0.3565136   -0.0809693   0.3015514   -0.21576533   0.6228682   0.26484746   0.017983655   -0.017170446   -0.12215633   2.4537668   -2.5970087   -0.68487173   -1.5017093   0.21318503   -0.93119496   0.8906841   -0.42915145   0.78986865   0.7766536   -0.09657241   0.021440933   0.8144417   -0.524185   0.090828456   -0.4505296   -0.042689975   0.7671827   -0.7489197   -0.05350573   -0.07419141   0.35074994   0.28573063   -0.23479754   -0.21855778   0.02317027   0.5668325   0.14776514   0.6180695   -0.541184   -0.6782093   0.47962916   0.010871407   0.603644   -0.36166334   0.23034969   -0.1437976   -0.07433923   -0.6166916   0.91860867   -0.17913623   0.50255096   -0.8432956   -0.050095785   0.17308666   0.9693225   -0.17004558   -2.1272073   -0.016919719   -0.05067623   -0.17564902   0.06640365   -0.027425895   -1.251686   0.25785685   0.4689348   -0.22541614   -0.267234   0.28940088   0.27917114   0.30838364   -0.10606474   0.4191656   -0.30092025   -0.053640332   -0.426272   0.26567617   -0.6619597   1.07018   -0.63971406   -0.42547718   -0.6755114   -1.4042137   -0.005032645   -0.26109138   -0.50495255   0.18843801   0.46447423   0.6183511   -0.64730483   0.17616136   -0.18784688   0.34037143   0.9388365   -0.18120371   0.8443325   0.030769609   -0.14154491   0.24126016   0.021874432   0.04071428   0.030056471   0.4101131   0.044067413   -0.3068921   -0.37141076   0.50855255   0.69487625   -0.31445625   0.15909202   -0.18861048   -0.3048578   0.42429832   0.25244635   0.43344736   0.55904347   -0.26875928   0.54683757   0.9279115   0.3074733   -1.0831709   0.24879219   -0.20943822   -0.41716486   


4       
-0.35651353   0.050890762   0.3018857   -0.2157653   0.623056   0.27154496   0.016649583   -0.018147253   -0.123217754   0.09251688   -0.47776365   -0.06698509   0.3492108   -0.07710368   -0.06069113   -0.24303599   0.7881534   0.2379078   -0.23610611   -0.22068162   0.022127492   0.5715298   0.14658475   0.6077049   -0.515682   -0.6735294   0.4853132   -0.06302283   -0.52421093   0.849519   0.022112457   -0.09678024   0.77661324   1.3410434   -0.4356201   0.89744776   -0.9311535   0.32755774   0.027206022   0.05718918   -1.6632143   -0.47447234   1.217357   0.33134046   -0.0636058   -0.6884566   0.26706162   -0.0752459   1.151248   -0.42476705   0.0035618658   -0.14489107   0.07602806   -0.4526665   0.4103035   0.82439256   -2.4215095   -0.7346192   -0.805939   -0.18175384   -0.003907648   0.055974707   -0.9194446   0.20336695   0.40568   -0.16460559   -0.315181   0.22046384   0.509834   0.20663702   0.23266213   -0.20388953   -0.38768563   -0.10034349   -0.43480226   0.26411137   -0.5263517   0.8053811   -0.56078464   0.10544961   -0.6465675   0.3543991   0.46372467   0.098848075   -0.5052546   -0.10296884   -0.071019195   -1.327737   -0.69681066   -0.60256594   -0.18787296   0.3397522   0.8917289   -0.20156005   0.8443962   0.029757446   -0.18374395   0.24181655   0.02253792   0.11898306   0.15526946   0.36146975   0.03943786   -0.24980152   -0.5537773   0.5661895   0.6948762   -0.32933056   0.15226628   -0.18856409   -0.30484748   0.25244832   0.42429915   0.43344614   0.27348524   -0.26875883   0.54683167   0.9279042   0.30730227   -1.0831807   0.24879232   -0.20943716   -0.41715726   


5       
-0.35651323   0.036268093   0.30273795   -0.21576726   0.6243351   0.26836786   0.014122467   -0.0149599295   -0.11347545   0.08802139   -0.45435017   -0.07064488   0.80828565   -0.27653378   -0.08126699   -0.07744003   0.35184336   -0.059232593   -0.23157239   -0.23044847   0.025087347   0.5816112   0.14962736   0.59869593   -0.52657175   -0.6755385   0.4882504   0.41136295   -0.52385706   0.2230321   0.023611309   -0.59828275   0.7762533   1.2857866   -0.43057376   0.8751537   -0.9309593   0.40583172   0.007355549   0.115917936   -1.6954348   -0.51955444   0.8914352   0.36614174   -0.0747283   -0.026425231   0.2935317   -0.09795982   1.4235215   -0.30221757   0.01647556   -0.15226308   0.07698139   -0.29759914   -0.16605297   0.41011038   0.20100293   -0.91104245   0.07423092   -0.05795639   -0.18170647   -0.8017302   -0.76552916   -2.3743253   0.56434995   0.51866096   -0.4745324   0.22069761   0.48118252   0.22954363   0.98508483   0.37741885   -0.39184266   -0.13543974   -0.43693644   0.30957586   -0.479592   0.71006465   -0.42295513   0.00043807726   -0.6473888   0.35439527   0.46337298   0.045291457   -0.5103509   -0.07283053   -0.07976648   -1.2038933   -0.75262815   -0.6557881   -0.18812677   0.34672382   0.8419342   -0.25322232   0.84603524   0.03575898   0.058461078   0.23294547   0.06818612   0.037247203   -0.17092492   0.24862523   -0.008052891   -0.53082246   0.16748345   0.68584776   0.6948754   -0.38975257   -0.15746073   -0.18880677   -0.30456084   0.42430252   0.25243443   0.433476   0.31215453   -0.2687605   0.54696465   0.9280296   0.3078372   -1.0832651   0.24879074   -0.2094411   -0.4169065   


6       
-0.028397739   0.030995408   0.9052921   -0.5311752   0.011053126   -0.46874076   -0.04782614   0.6761757   -0.79083014   -0.07003007   -0.073916376   0.513411   0.28617796   -0.23697075   -0.2314061   0.0116003575   0.5200172   0.13750766   0.9154527   -0.74261487   -0.71438915   0.49570805   -0.027538307   -0.08330896   -0.12353566   0.2571321   0.24216291   0.46477792   -0.21028934   0.2392062   -0.0817132   -0.36662167   0.7766524   0.8271444   -0.42872053   0.89120847   -0.9311903   0.2122201   -1.2764103   -0.62048316   -2.6538062   2.8300002   0.46540427   -0.4624851   0.20630497   -0.029918257   -0.17669304   -0.42576644   0.8307448   -0.21668287   0.5668649   -0.68045056   -0.055429973   0.17263708   0.9795739   -0.023447795   -2.08981   0.10046517   -0.100609384   -0.17584601   0.044145953   -0.031559605   -1.2279377   0.2684294   0.46237388   -0.24370372   -0.254813   0.28662997   0.26021212   0.32469738   -0.051904313   0.33527136   -0.30633357   -0.057696436   -0.41680452   0.26619235   -0.6618916   1.1013708   -0.64682025   -0.6937309   -0.68482625   -1.5675588   0.026584588   -0.4189772   -0.5048605   0.25919628   0.45495394   0.76179063   -0.6598597   0.22689693   -0.18783939   0.34031346   0.93828547   -0.17829768   0.8442968   0.030807972   -0.14113677   0.24141242   0.021617115   0.04011424   0.046789   0.40457714   0.04307773   -0.3121215   -0.3846766   0.49995774   0.69487625   -0.31368715   0.15933862   -0.188625   -0.30485442   0.4242981   0.2524464   0.4334473   0.66128325   -0.2687592   0.5468378   0.9279142   0.307479   -1.0831714   0.2487922   -0.20943838   -0.41717327   


7       
-0.35651353   0.050890762   0.3018857   -0.2157653   0.623056   0.27154496   0.016649583   -0.018147253   -0.123217754   0.09251688   -0.47776365   -0.06698509   0.3492108   -0.07710368   -0.06069113   -0.24303599   0.7881534   0.2379078   -0.23610611   -0.22068162   0.022127492   0.5715298   0.14658475   0.6077049   -0.515682   -0.6735294   0.4853132   -0.06302283   -0.52421093   0.849519   0.022112457   -0.09678024   0.77661324   1.3410434   -0.4356201   0.89744776   -0.9311535   0.32755774   0.027206022   0.05718918   -1.6632143   -0.47447234   1.217357   0.33134046   -0.0636058   -0.6884566   0.26706162   -0.0752459   1.151248   -0.42476705   0.0035618658   -0.14489107   0.07602806   -0.4526665   0.4103035   0.82439256   -2.4215095   -0.7346192   -0.69681066   -1.327737   -0.071019195   -0.10296884   -0.5052546   0.098848075   0.46372467   0.3543991   -0.6465675   0.10544961   -0.56078464   0.8053811   -0.5263517   0.26411137   -0.43480226   -0.10034349   -0.38768563   -0.20388953   0.23266213   0.20663702   0.509834   0.22046384   -0.315181   -0.16460559   0.40568   0.20336695   -0.9194446   0.055974707   -0.003907648   -0.18175384   -0.805939   -0.60256594   -0.18787296   0.3397522   0.8917289   -0.20156005   0.8443962   0.029757446   -0.18374395   0.24181655   0.02253792   0.11898306   0.15526946   0.36146975   0.03943786   -0.24980152   -0.5537773   0.5661895   0.6948762   -0.32933056   0.15226628   -0.18856409   -0.30484748   0.25244832   0.42429915   0.43344614   0.27348524   -0.26875883   0.54683167   0.9279042   0.30730227   -1.0831807   0.24879232   -0.20943716   -0.41715726   


8       
-0.35651356   -0.07856513   0.3014115   -0.21576515   0.622812   0.2639183   0.017920382   -0.017197711   -0.1210502   2.441382   -2.5507581   -0.742869   -1.5101904   0.20448029   -0.8606904   0.9225227   -0.42167255   0.89111936   0.80842626   -0.10250869   0.020224635   0.88047075   -0.7543497   -0.5376218   -0.45621547   -0.03314564   0.760694   -1.0279788   -0.051037356   -0.056952883   0.30997723   0.30874038   -0.17104268   -0.031949814   -0.068133265   0.5959697   0.20268577   0.6163786   -0.54510087   -0.72173595   0.001107077   0.18699242   0.56641054   -0.16530198   0.2732964   -0.13913791   -0.146106   -0.6105232   1.012708   -0.17143346   0.39854428   -0.7926377   -0.04679716   0.17943859   1.0021719   -0.1731223   -2.5286534   -0.09635759   -0.052169222   -0.17585655   0.045388848   -0.018109022   -1.2996366   0.15539376   0.46006915   -0.16750082   -0.26662293   0.29426298   0.27308366   0.28921476   -0.199484   0.40880936   -0.31225955   -0.06314671   -0.42642725   0.26104414   -0.67550707   1.0652424   -0.628916   -0.39685127   -0.67525405   -1.2187907   -0.05736061   -0.22732094   -0.5068617   0.15403196   0.4515165   0.52047896   -0.6388502   0.52724487   -0.18778212   0.33886114   0.943122   -0.19331726   0.843952   0.029915381   -0.1180824   0.24153173   0.01749366   0.04042556   0.01392246   0.40611595   0.04354299   -0.32624108   -0.38240755   0.5149197   0.69487625   -0.31627285   0.17719127   -0.188642   -0.30485928   0.4243   0.25244454   0.43344998   0.5586708   -0.2687594   0.54682314   0.9278953   0.3075466   -1.0831807   0.24879251   -0.20943871   -0.41716906   


9       
-0.35651353   0.050890762   0.3018857   -0.2157653   0.623056   0.27154496   0.016649583   -0.018147253   -0.123217754   0.09251688   -0.47776365   -0.06698509   0.3492108   -0.07710368   -0.06069113   -0.24303599   0.7881534   0.2379078   -0.23610611   -0.22068162   0.022127492   0.5715298   0.14658475   0.6077049   -0.515682   -0.6735294   0.4853132   -0.06302283   -0.52421093   0.849519   0.022112457   -0.09678024   0.77661324   1.3410434   -0.4356201   0.89744776   -0.9311535   0.32755774   0.027206022   0.05718918   -1.6632143   -0.47447234   1.217357   0.33134046   -0.0636058   -0.6884566   0.26706162   -0.0752459   1.151248   -0.42476705   0.0035618658   -0.14489107   0.07602806   -0.4526665   0.4103035   0.26411137   -0.5263517   0.8053811   -0.56078464   0.10544961   -0.6465675   0.3543991   0.46372467   0.098848075   -0.5052546   -0.10296884   -0.071019195   -1.327737   -0.69681066   -0.7346192   -2.4215095   0.82439256   -0.43480226   -0.10034349   -0.38768563   -0.20388953   0.23266213   0.20663702   0.509834   0.22046384   -0.315181   -0.16460559   0.40568   0.20336695   -0.9194446   0.055974707   -0.003907648   -0.18175384   -0.805939   -0.60256594   -0.18787296   0.3397522   0.8917289   -0.20156005   0.8443962   0.029757446   -0.18374395   0.24181655   0.02253792   0.11898306   0.15526946   0.36146975   0.03943786   -0.24980152   -0.5537773   0.5661895   0.6948762   -0.32933056   0.15226628   -0.18856409   -0.30484748   0.25244832   0.42429915   0.43344614   0.27348524   -0.26875883   0.54683167   0.9279042   0.30730227   -1.0831807   0.24879232   -0.20943716   -0.41715726   


10       
-0.35651353   0.050890762   0.3018857   -0.2157653   0.623056   0.27154496   0.016649583   -0.018147253   -0.123217754   0.09251688   -0.47776365   -0.06698509   0.3492108   -0.07710368   -0.06069113   -0.24303599   0.7881534   0.2379078   -0.23610611   -0.22068162   0.022127492   0.5715298   0.14658475   0.6077049   -0.515682   -0.6735294   0.4853132   -0.06302283   -0.52421093   0.849519   0.022112457   -0.09678024   0.77661324   1.3410434   -0.4356201   0.11570563   -0.61511743   0.24093212   0.45500812   0.07661184   -0.45432243   -0.101919636   -0.07208996   -1.4802718   -0.7171349   -0.7346192   -2.4215095   0.82439256   0.4103035   -0.4526665   0.07602806   -0.14489107   0.0035618658   -0.42476705   1.151248   -0.0752459   0.26706162   -0.6884566   -0.0636058   0.33134046   1.217357   -0.47447234   -1.6632143   0.05718918   0.027206022   0.32755774   -0.9311535   0.89744776   -1.5608912   0.781975   -0.8857032   0.21355109   -0.47454783   -0.10034349   -0.38089633   -0.09782446   0.060901415   0.19848587   0.4383203   0.20405939   -0.20770939   -0.22596584   0.40772706   0.20065673   -0.95367557   0.08655556   0.020512609   -0.19137722   -0.8070476   -0.60256594   -0.18787296   0.3397522   0.8917289   -0.20156005   0.8443962   0.029757446   -0.18374395   0.24181655   0.02253792   0.11898306   0.15526946   0.36146975   0.03943786   -0.24980152   -0.5537773   0.5661895   0.6948762   -0.32933056   0.15226628   -0.18856409   -0.30484748   0.25244832   0.42429915   0.43344614   0.27348524   -0.26875883   0.54683167   0.9279042   0.30730227   -1.0831807   0.24879232   -0.20943716   -0.41715726   


11       
-0.09657241   0.021440933   0.8144417   -0.524185   0.090828456   -0.4505296   -0.042689975   0.7671827   -0.7489197   -0.05350573   -0.07419141   0.35074994   0.28573063   -0.23479754   -0.21855778   0.02317027   0.5668325   0.14776514   0.6180695   -0.541184   -0.6782093   0.47962916   0.010871407   -0.12215633   -0.017170446   0.017983655   0.26484746   0.6228682   -0.21576533   0.3015514   -0.0809693   -0.3565136   0.7766536   0.78986865   -0.42915145   0.8906841   -0.93119496   0.21318503   -1.5017093   -0.68487173   -2.5970087   2.4537668   0.603644   -0.36166334   0.23034969   -0.1437976   -0.07433923   -0.6166916   0.91860867   -0.17913623   0.021874432   0.24126016   -0.14154491   0.030769609   0.8443325   -0.18120371   0.9388365   0.34037143   -0.18784688   0.17616136   -0.64730483   0.6183511   0.46447423   0.18843801   -0.50495255   -0.26109138   -0.005032645   -1.4042137   -0.6755114   -0.42547718   -0.63971406   1.07018   -0.6619597   0.26567617   -0.426272   -0.053640332   -0.30092025   0.4191656   -0.10606474   0.30838364   0.27917114   0.28940088   -0.267234   -0.22541614   0.4689348   0.25785685   -1.251686   -0.027425895   0.06640365   -0.17564902   -0.05067623   -0.016919719   -2.1272073   -0.17004558   0.9693225   0.17308666   -0.050095785   -0.8432956   0.50255096   0.04071428   0.030056471   0.4101131   0.044067413   -0.3068921   -0.37141076   0.50855255   0.69487625   -0.31445625   0.15909202   -0.18861048   -0.3048578   0.42429832   0.25244635   0.43344736   0.55904347   -0.26875928   0.54683757   0.9279115   0.3074733   -1.0831709   0.24879219   -0.20943822   -0.41716486   


12       
-0.3565131   0.036592025   0.3027105   -0.21576737   0.62409556   0.26916257   0.013921693   -0.014884616   -0.11537566   0.14754054   -0.52593184   -0.070296116   0.93258464   -0.2966588   -0.113707036   -0.05690025   0.50536215   -0.022563318   -0.2319747   -0.23565759   0.025467966   0.5841114   0.14919898   0.5987794   -0.5268819   -0.675306   0.48772755   0.33984464   -0.5239121   0.26607993   0.023569027   -0.6207621   0.7762664   1.2799617   -0.43136287   0.8744072   -0.9309356   0.40460783   0.008369293   0.1187473   -1.7246425   -0.511058   0.90378577   0.37004104   -0.07470337   -0.18290778   0.29943657   -0.09883814   1.4782405   -0.29432786   0.015477747   -0.1522774   0.0774021   -0.29983914   -0.068698585   0.44625923   0.3137006   -0.9163733   0.16049066   -0.11188336   -0.20570832   -0.8003544   -1.1023883   -2.0748644   0.78269386   0.39277962   -0.46893108   0.22075455   0.48367178   0.21086863   1.0348761   0.3889579   -0.39378893   -0.13712074   -0.43668687   0.30527428   -0.478645   0.3543953   -0.6475699   0.027486788   -0.37741977   0.7181491   0.46344802   0.05687019   -0.51039064   -0.070186906   -0.08007024   -1.1791784   -0.7378153   -0.69117767   -0.19726205   0.34794644   0.83876634   -0.25217775   0.8458794   0.035904445   0.025889445   0.23248883   0.06762215   0.047514647   -0.17002635   0.2515249   -0.018913234   -0.47994515   0.33265576   0.6811434   0.6948754   -0.3873651   -0.076979704   -0.18881924   -0.30454725   0.42430237   0.25243077   0.43347803   0.30239597   -0.26876044   0.54702276   0.9280552   0.30806595   -1.0832751   0.24879096   -0.20944081   -0.41700992   


13       
-0.09657241   0.021440933   0.8144417   -0.524185   0.090828456   -0.4505296   -0.042689975   0.7671827   -0.7489197   -0.05350573   -0.07419141   0.35074994   0.28573063   -0.23479754   -0.21855778   0.02317027   0.5668325   0.14776514   0.6180695   -0.541184   -0.6782093   0.47962916   0.010871407   -0.12215633   -0.017170446   0.017983655   0.26484746   0.6228682   -0.21576533   0.3015514   -0.0809693   -0.3565136   0.7766536   0.78986865   -0.42915145   0.8906841   -0.93119496   0.21318503   -1.5017093   -0.68487173   -2.5970087   2.4537668   0.603644   -0.36166334   0.23034969   -0.1437976   -0.07433923   -0.6166916   0.91860867   -0.17913623   0.50255096   -0.8432956   -0.050095785   0.17308666   0.9693225   -0.17004558   -2.1272073   -0.016919719   -0.05067623   -0.17564902   0.06640365   -0.027425895   -1.251686   0.25785685   0.4689348   -0.22541614   -0.267234   0.28940088   0.27917114   0.30838364   -0.10606474   0.4191656   -0.30092025   -0.053640332   -0.426272   0.26567617   -0.6619597   1.07018   -0.63971406   -0.42547718   -0.6755114   -1.4042137   -0.005032645   -0.26109138   -0.50495255   0.18843801   0.46447423   0.6183511   -0.64730483   0.17616136   -0.18784688   0.34037143   0.9388365   -0.18120371   0.8443325   0.030769609   -0.14154491   0.24126016   0.021874432   0.04071428   0.030056471   0.4101131   0.044067413   -0.3068921   -0.37141076   0.50855255   0.69487625   -0.31445625   0.15909202   -0.18861048   -0.3048578   0.42429832   0.25244635   0.43344736   0.55904347   -0.26875928   0.54683757   0.9279115   0.3074733   -1.0831709   0.24879219   -0.20943822   -0.41716486   


14       
-0.35651323   0.036268093   0.30273795   -0.21576726   0.6243351   0.26836786   0.014122467   -0.0149599295   -0.11347545   0.08802139   -0.45435017   -0.07064488   0.80828565   -0.27653378   -0.08126699   -0.07744003   0.35184336   -0.059232593   -0.23157239   -0.23044847   0.025087347   0.5816112   0.14962736   0.59869593   -0.52657175   -0.6755385   0.4882504   0.41136295   -0.52385706   0.2230321   0.023611309   -0.59828275   0.7762533   1.2857866   -0.43057376   0.8751537   -0.9309593   0.40583172   0.007355549   0.115917936   -1.6954348   -0.51955444   0.8914352   0.36614174   -0.0747283   -0.026425231   0.2935317   -0.09795982   1.4235215   -0.30221757   0.01647556   0.22069761   -0.4745324   0.51866096   0.56434995   -2.3743253   -0.76552916   -0.8017302   -0.18170647   -0.05795639   0.07423092   -0.91104245   0.20100293   0.41011038   -0.16605297   -0.29759914   0.07698139   -0.15226308   0.48118252   0.22954363   0.98508483   0.37741885   -0.39184266   -0.13543974   -0.43693644   0.30957586   -0.479592   0.71006465   -0.42295513   0.00043807726   -0.6473888   0.35439527   0.46337298   0.045291457   -0.5103509   -0.07283053   -0.07976648   -1.2038933   -0.75262815   -0.6557881   -0.18812677   0.34672382   0.8419342   -0.25322232   0.84603524   0.03575898   0.058461078   0.23294547   0.06818612   0.037247203   -0.17092492   0.24862523   -0.008052891   -0.53082246   0.16748345   0.68584776   0.6948754   -0.38975257   -0.15746073   -0.18880677   -0.30456084   0.42430252   0.25243443   0.433476   0.31215453   -0.2687605   0.54696465   0.9280296   0.3078372   -1.0832651   0.24879074   -0.2094411   -0.4169065   


15       
-0.35651353   0.050890762   0.3018857   -0.2157653   0.623056   0.27154496   0.016649583   -0.018147253   -0.123217754   0.09251688   -0.47776365   -0.06698509   0.3492108   -0.07710368   -0.06069113   -0.24303599   0.7881534   0.2379078   -0.23610611   -0.22068162   0.022127492   0.5715298   0.14658475   0.6077049   -0.515682   -0.6735294   0.4853132   -0.06302283   -0.52421093   0.849519   0.022112457   -0.09678024   0.77661324   1.3410434   -0.4356201   0.89744776   -0.9311535   0.32755774   0.027206022   0.05718918   -1.6632143   -0.47447234   1.217357   0.33134046   -0.0636058   -0.6884566   0.26706162   -0.0752459   1.151248   -0.42476705   0.0035618658   -0.14489107   0.07602806   -0.4526665   0.4103035   0.82439256   -2.4215095   -0.7346192   -0.805939   -0.18175384   0.3397522   -0.18787296   -0.60256594   -0.69681066   -1.327737   -0.071019195   -0.10296884   -0.5052546   0.098848075   0.46372467   0.3543991   -0.6465675   0.10544961   -0.56078464   0.8053811   -0.5263517   0.26411137   -0.43480226   -0.10034349   -0.38768563   -0.20388953   0.23266213   0.20663702   0.509834   0.22046384   -0.315181   -0.16460559   0.40568   0.20336695   -0.9194446   0.055974707   -0.003907648   0.8917289   -0.20156005   0.8443962   0.029757446   -0.18374395   0.24181655   0.02253792   0.11898306   0.15526946   0.36146975   0.03943786   -0.24980152   -0.5537773   0.5661895   0.6948762   -0.32933056   0.15226628   -0.18856409   -0.30484748   0.25244832   0.42429915   0.43344614   0.27348524   -0.26875883   0.54683167   0.9279042   0.30730227   -1.0831807   0.24879232   -0.20943716   -0.41715726   


16       
-0.3565136   -0.0809693   0.3015514   -0.21576533   0.6228682   0.26484746   0.017983655   -0.017170446   -0.12215633   2.4537668   -2.5970087   -0.68487173   -1.5017093   0.21318503   -0.93119496   0.8906841   -0.42915145   0.78986865   0.7766536   -0.09657241   0.021440933   0.8144417   -0.524185   0.25244635   0.42429832   -0.3048578   -0.18861048   0.15909202   -0.31445625   0.69487625   0.50855255   -0.37141076   -0.3068921   0.044067413   0.4101131   0.030056471   0.04071428   0.021874432   0.24126016   -0.14154491   0.030769609   0.8443325   -0.18120371   0.9388365   0.34037143   -0.18784688   0.17616136   -0.64730483   0.6183511   0.46447423   0.18843801   -0.50495255   -0.26109138   -0.005032645   -1.4042137   -0.6755114   -0.42547718   -0.63971406   1.07018   -0.6619597   0.26567617   -0.426272   -0.053640332   -0.30092025   0.4191656   -0.10606474   0.30838364   0.27917114   0.28940088   -0.267234   -0.22541614   0.4689348   0.25785685   -1.251686   -0.027425895   0.06640365   -0.17564902   -0.05067623   -0.016919719   -2.1272073   -0.17004558   0.9693225   0.17308666   -0.050095785   -0.8432956   0.50255096   -0.17913623   0.91860867   -0.6166916   -0.07433923   -0.1437976   0.23034969   -0.36166334   0.603644   0.010871407   0.47962916   -0.6782093   -0.541184   0.6180695   0.14776514   0.5668325   0.02317027   -0.21855778   -0.23479754   0.28573063   0.35074994   -0.07419141   -0.05350573   -0.7489197   0.7671827   -0.042689975   -0.4505296   0.090828456   0.43344736   0.55904347   -0.26875928   0.54683757   0.9279115   0.3074733   -1.0831709   0.24879219   -0.20943822   -0.41716486   


17       
-0.35651356   -0.07856513   0.3014115   -0.21576515   0.622812   0.2639183   0.017920382   -0.017197711   -0.1210502   2.441382   -2.5507581   0.33886114   -0.18778212   0.52724487   -0.6388502   0.52047896   0.4515165   0.15403196   -0.5068617   -0.22732094   -0.05736061   -1.2187907   -0.67525405   -0.39685127   -0.628916   1.0652424   -0.67550707   0.26104414   -0.42642725   -0.06314671   -0.31225955   0.40880936   -0.199484   0.28921476   0.27308366   0.29426298   -0.26662293   -0.16750082   0.46006915   0.15539376   -1.2996366   -0.018109022   0.045388848   -0.17585655   -0.052169222   -0.09635759   -2.5286534   -0.1731223   1.0021719   0.17943859   -0.04679716   -0.7926377   0.39854428   -0.17143346   1.012708   -0.6105232   -0.146106   -0.13913791   0.2732964   -0.16530198   0.56641054   0.18699242   0.001107077   -0.72173595   -0.54510087   0.6163786   0.20268577   0.5959697   -0.068133265   -0.031949814   -0.17104268   0.30874038   0.30997723   -0.056952883   -0.051037356   -1.0279788   0.760694   -0.03314564   -0.45621547   -0.5376218   -0.7543497   0.88047075   0.020224635   -0.10250869   0.80842626   0.89111936   -0.42167255   0.9225227   -0.8606904   0.20448029   -1.5101904   -0.742869   0.943122   -0.19331726   0.843952   0.029915381   -0.1180824   0.24153173   0.01749366   0.04042556   0.01392246   0.40611595   0.04354299   -0.32624108   -0.38240755   0.5149197   0.69487625   -0.31627285   0.17719127   -0.188642   -0.30485928   0.4243   0.25244454   0.43344998   0.5586708   -0.2687594   0.54682314   0.9278953   0.3075466   -1.0831807   0.24879251   -0.20943871   -0.41716906   


18       
-0.028397739   0.030995408   0.9052921   -0.5311752   0.011053126   -0.46874076   -0.04782614   0.6761757   0.28617796   0.513411   -0.073916376   -0.07003007   0.13750766   -0.23697075   -0.2314061   0.0116003575   0.5200172   -0.79083014   0.9154527   -0.74261487   -0.71438915   0.49570805   -0.027538307   -0.42872053   -0.12353566   0.2571321   0.24216291   0.46477792   -0.21028934   0.8442968   -0.0817132   -0.36662167   0.7766524   0.8271444   -0.08330896   0.89120847   -0.9311903   0.2122201   -1.2764103   -0.62048316   -2.6538062   0.9279142   0.46540427   -0.4624851   0.20630497   -0.18783939   -0.17669304   -0.30633357   0.8307448   -0.21668287   0.5668649   -0.68045056   -0.055429973   0.17263708   0.9795739   -0.254813   -2.08981   0.10046517   -0.100609384   -0.17584601   -0.6598597   -0.031559605   -1.2279377   0.2684294   0.46237388   -0.24370372   -0.023447795   0.28662997   0.26021212   0.32469738   -0.051904313   0.33527136   -0.42576644   -0.057696436   -0.41680452   0.26619235   -0.6618916   1.1013708   -0.64682025   -0.6937309   -0.68482625   -1.5675588   0.026584588   -0.4189772   -0.5048605   0.25919628   0.45495394   0.76179063   0.044145953   0.22689693   -0.029918257   0.34031346   0.93828547   -0.17829768   0.2392062   0.030807972   -0.14113677   0.24141242   0.021617115   0.04011424   0.046789   0.40457714   0.04307773   2.8300002   -0.3846766   0.49995774   0.69487625   -0.31368715   0.15933862   -0.188625   -0.30485442   0.4242981   0.2524464   0.4334473   0.66128325   -0.2687592   0.5468378   -0.3121215   0.307479   -1.0831714   0.2487922   -0.20943838   -0.41717327   


19       
1.3625596   -0.19786008   0.25262073   -0.03486557   0.588631   0.2727659   0.017823847   0.0071365433   0.018979806   -0.45740384   -0.42188063   -0.063081466   0.35222465   -0.087764345   -0.055630896   -0.24425237   -0.43638074   -0.2687588   -0.45243827   -0.25890708   0.008991948   0.5713192   0.15256983   0.55124027   -0.47572383   -0.68158805   0.4539651   0.4074214   -0.5527553   0.90873504   0.019058634   -0.09278946   0.77660125   -0.36252865   0.8071463   0.89887905   -0.93115586   0.3262451   -0.050383884   0.08767145   -1.6309254   -0.75661826   1.2203593   0.4296861   -0.059462685   -0.66219354   0.28197253   -0.0035390165   1.1649089   -0.45231262   -0.0010340489   -0.19307892   0.078882314   -1.0574805   0.4519742   1.0980896   -2.455738   -0.7309242   0.5061524   -0.1834593   -0.0027745406   0.056605473   -0.9330204   0.21309495   -0.05870851   -0.15977092   -0.31299067   0.20304188   0.09824946   0.20641297   0.20384057   -0.20011626   -0.3901866   -0.10054763   -0.43434498   0.26397595   -0.5358193   0.7971452   -0.49686843   0.13440387   -0.6466485   0.5787746   0.5031265   0.1279118   -0.5052572   -0.23552136   0.050951183   -1.1863277   -0.69337326   0.022512458   -0.1878708   0.33980438   0.8898757   -0.20561941   0.84439325   0.02990622   -0.18472944   0.24189785   -0.7002904   0.10945538   0.16356756   0.36096916   0.039218288   -0.25142527   -0.5585101   0.15185963   0.6948762   -0.3274657   0.56455094   -0.18856043   -0.3048483   0.24575214   0.4290611   0.43344617   -0.41715756   -0.20943722   0.24879237   -1.0831804   0.3073324   0.9279053   0.54683053   0.23913437   0.29619434   


